eula-ni-standard=20.0.0.49153-0+f1
ni-cvi-2020-reflector=20.0.0.49152-0+f0
ni-cvi-2020-reflector=20.0.0.49154-0+f2
ni-cvi-activex=20.0.0.49152-0+f0
ni-cvi-activex=20.0.0.49154-0+f2
ni-cvi-analysis=20.0.0.49152-0+f0
ni-cvi-analysis=20.0.0.49154-0+f2
ni-cvi-codegen=20.0.0.49152-0+f0
ni-cvi-codegen=20.0.0.49154-0+f2
ni-cvi-datasocket=20.0.0.49152-0+f0
ni-cvi-datasocket=20.0.0.49154-0+f2
ni-cvi-dotnet=20.0.0.49152-0+f0
ni-cvi-dotnet=20.0.0.49154-0+f2
ni-cvi-instrsup=20.0.1.49152-0+f0
ni-cvi-instrsup=20.0.1.49154-0+f2
ni-cvi-internet=20.0.0.49152-0+f0
ni-cvi-internet=20.0.0.49154-0+f2
ni-cvi-networkstreams=20.0.0.49152-0+f0
ni-cvi-networkstreams=20.0.0.49154-0+f2
ni-cvi-network-variable=20.0.0.49152-0+f0
ni-cvi-network-variable=20.0.0.49154-0+f2
ni-cvi-opengl=20.0.0.49152-0+f0
ni-cvi-opengl=20.0.0.49154-0+f2
ni-cvi-openmp=20.0.0.49152-0+f0
ni-cvi-openmp=20.0.0.49154-0+f2
ni-cvi-rte=20.0.1.49153-0+f1
ni-cvi-rte=20.0.3.49152-0+f0
ni-cvi-rte=20.0.3.49154-0+f2
ni-cvi-runtime-core=20.0.1.49152-0+f0
ni-cvi-runtime-core=20.0.3.49152-0+f0
ni-cvi-runtime-core=20.0.3.49154-0+f2
ni-cvi-runtime-engine=20.0.1.49154-0+f2
ni-cvi-runtime-engine=20.0.3.49154-0+f2
ni-cvi-runtime-realtime=20.0.0.49152-0+f0
ni-cvi-runtime-realtime=20.0.0.49154-0+f2
ni-cvi-tdms=20.0.1.49152-0+f0
ni-cvi-tdms=20.0.1.49154-0+f2
ni-cvi-teststand-debugger-support=20.0.1.49152-0+f0
ni-cvi-usi=20.0.0.49152-0+f0
ni-cvi-usi=20.0.0.49154-0+f2
ni-datasocket=20.0.0.49152-0+f0
ni-datasocket=20.0.0.49154-0+f2
ni-mkl-2020=20.0.0.49152-0+f0
ni-mkl-2020=20.0.0.49153-0+f1
ni-mkl-2020=20.0.0.49154-0+f2
ni-package-manager=20.0.0.49153-0+f1
ni-package-manager-deployment-support=20.0.0.49153-0+f1
ni-package-manager-released-feed=20.0.0.49153-0+f1
ni-package-manager-upgrader=20.0.0.49153-0+f1
ni-sysapi-wif=20.0.0.49152-0+f0
ni-systemlogging-utils=20.0.0.49152-0+f0
ni-teststand-2020-runtime-fx40-support=20.0.0.49157-0+f5
ni-traceengine=20.0.0.49152-0+f0
ni-wifcoredeps=20.0.0.49152-0+f0
system-windows-x64=20.0.0.49153-0+f1
system-windows-x86=20.0.0.49153-0+f1
